              precision    recall  f1-score   support

    (Reposo)      1.000     1.000     1.000        12
       Adios      1.000     1.000     1.000        12
        Bien      1.000     1.000     1.000        12
        Cual      1.000     1.000     1.000        13
     Gracias      1.000     1.000     1.000        12
        Hola      1.000     1.000     1.000        12
          No      1.000     1.000     1.000        13
      Nombre      1.000     1.000     1.000        12
   Por favor      1.000     1.000     1.000        12
          Si      1.000     1.000     1.000        12
          Tu      1.000     1.000     1.000        12
          Yo      1.000     1.000     1.000        12
    ¿Qué tal      1.000     1.000     1.000        12

    accuracy                          1.000       158
   macro avg      1.000     1.000     1.000       158
weighted avg      1.000     1.000     1.000       158
